1.175600066781044006e-01 -6.179000437259674072e-02 -1.159090042114257812e+00
-5.363000184297561646e-02 -2.759000100195407867e-02 -1.178920030593872070e+00
-3.773000091314315796e-02 1.100700050592422485e-01 -1.071470022201538086e+00
1.327400058507919312e-01 7.636000216007232666e-02 -1.052360057830810547e+00
8.615000545978546143e-02 -2.746000140905380249e-02 -1.142000079154968262e+00
-1.601000130176544189e-02 -6.850000470876693726e-03 -1.153340101242065430e+00
-6.850000470876693726e-03 7.585000246763229370e-02 -1.088910102844238281e+00
9.527000784873962402e-02 5.551000311970710754e-02 -1.077400088310241699e+00
5.478000268340110779e-02 6.880000233650207520e-03 -1.124420046806335449e+00
2.136000059545040131e-02 1.368000078946352005e-02 -1.128230094909667969e+00
2.425000071525573730e-02 4.106000438332557678e-02 -1.106890082359313965e+00
5.835000425577163696e-02 3.464000299572944641e-02 -1.102710127830505371e+00
